pdv,fecha,pago,cp,banco
PDV 91861,20211004,40.00,1,BANCO 9
PDV 98472,20211210,53.00,1,BANCO 9
PDV 94996,20210821,18.10,1,BANCO 9
PDV 49370,20220429,100.00,1,BANCO 9
PDV 111466,20230203,100.00,1,BANCO 9
PDV 106707,20230324,20.00,1,BANCO 9
PDV 109705,20220406,30.00,1,BANCO 9
PDV 95511,20220418,100.00,1,BANCO 74
PDV 106835,20220902,200.00,1,BANCO 130
PDV 48731,20230112,20.00,1,BANCO 9
PDV 90889,20220928,105.00,1,BANCO 9
PDV 100214,20230218,100.00,1,BANCO 9
PDV 97972,20210724,500.00,1,BANCO 9
PDV 104247,20210928,150.00,1,BANCO 83
PDV 50909,20210820,20.00,1,BANCO 82
PDV 39936,20211115,50.00,1,BANCO 9
PDV 101657,20220625,30.00,1,BANCO 86
PDV 100271,20220701,30.00,1,BANCO 9
PDV 109532,20221118,185.00,1,BANCO 9
PDV 104546,20230613,90.00,1,BANCO 83
PDV 4030,20230315,10.00,1,BANCO 85
PDV 107410,20230609,24.00,1,BANCO 9
PDV 104951,20210712,150.00,1,BANCO 82
PDV 44305,20210715,230.00,1,BANCO 9
PDV 104690,20211022,120.00,1,BANCO 9
PDV 115106,20221229,55.00,1,BANCO 9
PDV 51077,20211214,100.00,1,BANCO 9
PDV 101535,20220324,100.00,1,BANCO 9
PDV 103817,20220524,2.00,1,BANCO 87
PDV 47251,20230327,302.00,1,BANCO 82
PDV 101272,20221206,150.00,1,BANCO 9
PDV 109490,20230318,19.00,1,BANCO 130
PDV 102332,20230321,80.00,1,BANCO 9
PDV 100063,20230630,70.00,1,BANCO 9
PDV 44212,20230724,12.00,1,BANCO 9
PDV 99995,20210930,20.00,1,BANCO 86
PDV 98397,20210818,1.00,1,BANCO 9
PDV 101756,20210821,100.00,1,BANCO 9
PDV 48731,20220107,100.00,1,BANCO 75
PDV 107068,20220820,10.00,1,BANCO 9
PDV 95563,20220110,25.00,1,BANCO 9
PDV 101643,20230208,100.00,1,BANCO 9
PDV 45237,20221212,400.00,1,BANCO 83
PDV 100779,20220627,60.00,1,BANCO 82
PDV 90124,20230523,50.00,1,BANCO 75
PDV 112206,20221219,20.00,1,BANCO 82
PDV 117514,20230601,200.00,1,BANCO 9
PDV 111712,20230419,5.00,1,BANCO 9
PDV 97739,20210901,36.50,1,BANCO 9
PDV 100884,20220426,100.00,1,BANCO 9
PDV 107727,20220504,100.00,1,BANCO 9
PDV 45649,20220226,100.00,1,BANCO 86
PDV 109945,20220613,50.00,1,BANCO 9
PDV 104690,20220727,68.00,1,BANCO 9
PDV 96218,20230109,78.00,1,BANCO 86
PDV 106108,20230311,70.00,1,BANCO 82
PDV 90404,20210708,40.00,1,BANCO 9
PDV 106115,20210922,9.61,1,BANCO 9
PDV 100986,20211006,36.50,1,BANCO 9
PDV 47462,20220520,87.00,1,BANCO 82
PDV 61357,20220726,15.00,1,BANCO 9
PDV 49705,20211227,150.00,1,BANCO 9
PDV 109957,20221230,5.07,1,BANCO 9
PDV 103667,20220318,50.00,1,BANCO 82
PDV 106298,20230625,100.00,1,BANCO 9
PDV 111129,20220815,19.00,1,BANCO 82
PDV 96220,20220924,5.00,1,BANCO 86
PDV 109732,20221124,56.00,1,BANCO 74
PDV 104805,20221125,160.00,1,BANCO 9
PDV 42558,20221222,20.00,1,BANCO 9
PDV 40832,20221013,30.00,1,BANCO 86
PDV 47543,20210707,295.00,1,BANCO 9
PDV 96216,20211029,70.00,1,BANCO 86
PDV 106434,20211008,200.00,1,BANCO 9
PDV 96095,20211018,100.00,1,BANCO 85
PDV 98035,20220620,61.00,1,BANCO 75
PDV 100294,20220926,27.00,1,BANCO 86
PDV 116558,20230208,120.00,1,BANCO 83
PDV 48798,20220909,255.00,1,BANCO 74
PDV 39969,20230606,197.77,1,BANCO 9
PDV 102929,20210704,121.90,1,BANCO 9
PDV 104842,20220128,200.00,1,BANCO 85
PDV 102857,20220129,95.00,1,BANCO 9
PDV 50745,20220705,30.00,1,BANCO 82
PDV 97580,20211226,100.00,1,BANCO 9
PDV 110561,20220603,100.00,1,BANCO 9
PDV 103377,20220922,29.00,1,BANCO 9
PDV 112372,20230103,30.00,1,BANCO 9
PDV 44421,20230421,10.00,1,BANCO 75
PDV 39969,20230203,118.60,1,BANCO 83
PDV 103585,20230509,100.00,1,BANCO 9
PDV 102520,20230620,178.00,1,BANCO 9
PDV 96169,20211105,60.00,1,BANCO 82
PDV 99138,20211221,30.00,1,BANCO 9
PDV 43149,20210818,20.00,1,BANCO 9
PDV 43817,20211218,500.00,1,BANCO 9
PDV 1592,20220412,75.75,1,BANCO 2
PDV 111185,20221021,10.00,1,BANCO 9
PDV 103707,20221120,140.00,1,BANCO 83
PDV 49583,20221014,100.00,1,BANCO 82
PDV 116037,20230703,100.00,1,BANCO 9
PDV 98697,20230404,290.00,1,BANCO 86
PDV 118099,20230709,90.00,1,BANCO 83
PDV 92276,20210904,200.00,1,BANCO 9
PDV 92938,20211230,60.00,1,BANCO 82
PDV 40761,20220128,100.00,1,BANCO 82
PDV 104987,20220131,201.00,1,BANCO 85
PDV 98367,20220207,50.00,1,BANCO 9
PDV 39771,20220207,14.30,1,BANCO 86
PDV 107717,20220603,70.00,1,BANCO 82
PDV 95277,20220906,908.13,1,BANCO 86
PDV 106907,20230228,15.00,1,BANCO 82
PDV 101442,20230711,20.00,1,BANCO 9
PDV 101680,20230428,200.00,1,BANCO 9
PDV 111795,20230726,200.00,1,BANCO 9
PDV 108793,20211227,100.00,1,BANCO 83
PDV 105169,20220126,33.00,1,BANCO 82
PDV 106051,20220801,260.00,1,BANCO 9
PDV 108820,20221012,9.00,1,BANCO 9
PDV 102414,20220812,100.00,1,BANCO 9
PDV 106423,20220816,42.00,1,BANCO 9
PDV 12062,20210831,400.00,1,BANCO 82
PDV 47972,20210810,20.00,1,BANCO 87
PDV 106808,20210919,3.00,1,BANCO 9
PDV 40069,20210826,197.80,1,BANCO 9
PDV 92664,20220405,150.00,1,BANCO 83
PDV 99995,20211124,10.00,1,BANCO 86
PDV 50031,20220701,120.00,1,BANCO 86
PDV 111070,20221216,60.00,1,BANCO 83
PDV 50701,20230326,10.00,1,BANCO 9
PDV 22820,20230322,60.00,1,BANCO 9
PDV 109976,20230629,23.00,1,BANCO 9
PDV 49789,20211018,500.00,1,BANCO 82
PDV 93737,20211116,20.00,1,BANCO 86
PDV 95008,20210709,35.00,1,BANCO 82
PDV 92933,20210710,80.00,1,BANCO 9
PDV 105461,20211006,5.00,1,BANCO 86
PDV 35170,20211001,900.00,1,BANCO 9
PDV 112131,20230602,10.00,1,BANCO 9
PDV 101715,20230724,100.00,1,BANCO 9
PDV 46605,20220511,60.00,1,BANCO 9
PDV 101849,20220727,50.00,1,BANCO 9
PDV 6286,20220916,100.00,1,BANCO 75
PDV 97469,20221121,200.00,1,BANCO 83
PDV 103406,20221208,110.00,1,BANCO 83
PDV 104237,20230705,100.00,1,BANCO 9
PDV 23664,20211028,150.00,1,BANCO 9
PDV 99791,20210716,50.00,1,BANCO 9
PDV 109422,20220222,50.00,1,BANCO 85
PDV 90752,20211230,14.00,1,BANCO 9
PDV 108499,20220217,100.00,1,BANCO 83
PDV 57743,20220304,1000.00,1,BANCO 82
PDV 106683,20220318,50.00,1,BANCO 9
PDV 106881,20220609,50.00,1,BANCO 9
PDV 99412,20220304,7.00,1,BANCO 9
PDV 41044,20220621,50.00,1,BANCO 9
PDV 6286,20220125,20.00,1,BANCO 86
PDV 49187,20220608,40.00,1,BANCO 75
PDV 108459,20220526,100.00,1,BANCO 9
PDV 108055,20221107,100.00,1,BANCO 9
PDV 94683,20210915,100.00,1,BANCO 82
PDV 47258,20211011,100.00,1,BANCO 85
PDV 103666,20211212,20.00,1,BANCO 9
PDV 99667,20210817,50.00,1,BANCO 9
PDV 45445,20220527,280.00,1,BANCO 75
PDV 99162,20220507,35.00,1,BANCO 83
PDV 106806,20230224,190.00,1,BANCO 82
PDV 1592,20230509,17.00,1,BANCO 2
PDV 110127,20230308,222.00,1,BANCO 74
PDV 103101,20220408,7.00,1,BANCO 82
PDV 103385,20220302,100.00,1,BANCO 83
PDV 99469,20220412,77.31,1,BANCO 87
PDV 97340,20221115,50.00,1,BANCO 82
PDV 110976,20220929,76.00,1,BANCO 9
PDV 40285,20230116,30.00,1,BANCO 82
PDV 101837,20210908,200.00,1,BANCO 9
PDV 103139,20220203,5.00,1,BANCO 9
PDV 104674,20220131,50.00,1,BANCO 9
PDV 108401,20220428,13.00,1,BANCO 83
PDV 43748,20220207,2000.00,1,BANCO 74
PDV 110128,20220422,200.00,1,BANCO 82
PDV 106202,20230306,13.78,1,BANCO 7
PDV 97723,20230403,120.00,1,BANCO 9
PDV 111466,20230411,40.00,1,BANCO 9
PDV 61362,20220310,50.00,1,BANCO 9
PDV 1454,20220704,40.00,1,BANCO 85
PDV 112066,20221223,550.00,1,BANCO 9
PDV 103486,20220708,30.00,1,BANCO 9
PDV 106390,20220319,60.00,1,BANCO 85
PDV 44604,20230426,200.00,1,BANCO 74
PDV 34116,20211108,200.00,1,BANCO 85
PDV 61357,20210829,70.00,1,BANCO 9
PDV 48911,20220622,23.00,1,BANCO 9
PDV 103145,20220225,100.00,1,BANCO 83
PDV 97801,20221220,100.00,1,BANCO 9
PDV 45695,20221111,30.00,1,BANCO 83
PDV 117541,20230504,30.00,1,BANCO 9
PDV 116089,20230113,104.00,1,BANCO 83
PDV 105188,20210721,50.00,1,BANCO 9
PDV 103877,20211227,80.00,1,BANCO 85
PDV 104105,20220808,35.00,1,BANCO 83
PDV 100840,20220919,100.00,1,BANCO 83
PDV 100228,20220829,30.00,1,BANCO 85
PDV 110495,20220916,10.00,1,BANCO 9
PDV 108058,20230206,100.00,1,BANCO 52
PDV 109307,20230504,100.00,1,BANCO 9
PDV 101218,20230425,50.00,1,BANCO 82
PDV 49187,20230429,50.00,1,BANCO 75
PDV 30429,20230518,25.00,1,BANCO 82
PDV 98744,20221023,102.00,1,BANCO 9
PDV 94069,20221121,60.00,1,BANCO 9
PDV 106741,20221014,20.00,1,BANCO 82
PDV 103667,20220214,90.00,1,BANCO 9
PDV 112374,20230126,100.00,1,BANCO 9
PDV 101085,20230328,40.00,1,BANCO 85
PDV 99538,20210712,25.00,1,BANCO 82
PDV 104633,20211126,100.00,1,BANCO 85
PDV 25260,20220206,44.46,1,BANCO 7
PDV 106103,20220924,70.00,1,BANCO 82
PDV 110406,20230101,30.00,1,BANCO 9
PDV 112034,20230602,30.00,1,BANCO 9
PDV 40734,20220611,20.00,1,BANCO 9
PDV 110305,20230718,20.00,1,BANCO 9
PDV 46951,20220112,200.00,1,BANCO 83
PDV 108260,20211208,126.00,1,BANCO 83
PDV 99032,20220302,80.00,1,BANCO 85
PDV 107749,20220809,17.00,1,BANCO 9
PDV 107898,20220228,64.95,1,BANCO 9
PDV 32772,20220816,37.21,1,BANCO 9
PDV 45429,20230109,100.00,1,BANCO 9
PDV 4591,20211009,60.00,1,BANCO 9
PDV 94549,20210823,50.00,1,BANCO 9
PDV 104057,20211211,100.00,1,BANCO 85
PDV 3067,20211231,160.00,1,BANCO 9
PDV 107335,20220619,107.00,1,BANCO 9
PDV 44557,20221202,210.00,1,BANCO 9
PDV 100768,20221116,50.00,1,BANCO 87
PDV 92912,20230306,600.00,1,BANCO 74
PDV 95167,20230311,30.00,1,BANCO 82
PDV 61362,20230513,50.00,1,BANCO 9
PDV 111995,20230420,60.00,1,BANCO 9
PDV 105169,20211021,30.00,1,BANCO 82
PDV 103505,20211129,20.00,1,BANCO 9
PDV 32717,20211020,50.00,1,BANCO 82
PDV 40850,20220124,30.00,1,BANCO 85
PDV 101191,20220303,10.00,1,BANCO 82
PDV 100209,20220614,100.00,1,BANCO 9
PDV 98693,20221025,5.00,1,BANCO 9
PDV 43929,20230303,20.00,1,BANCO 82
PDV 47534,20230116,200.00,1,BANCO 9
PDV 99211,20230313,140.00,1,BANCO 86
PDV 97801,20220223,100.00,1,BANCO 9
PDV 49698,20220511,170.00,1,BANCO 82
PDV 111635,20220822,30.00,1,BANCO 52
PDV 102554,20220901,7.00,1,BANCO 83
PDV 33028,20221206,80.00,1,BANCO 86
PDV 106170,20221025,200.00,1,BANCO 82
PDV 100413,20211108,60.00,1,BANCO 9
PDV 47251,20220325,150.80,1,BANCO 82
PDV 110591,20220907,200.00,1,BANCO 82
PDV 103118,20220704,100.00,1,BANCO 9
PDV 107717,20221227,20.00,1,BANCO 82
PDV 101759,20230501,35.00,1,BANCO 9
PDV 49931,20220214,30.00,1,BANCO 83
PDV 92480,20220214,50.00,1,BANCO 9
PDV 99461,20221215,20.00,1,BANCO 9
PDV 117098,20230703,27.00,1,BANCO 85
PDV 101317,20210820,500.00,1,BANCO 9
PDV 49797,20220315,40.00,1,BANCO 85
PDV 37705,20220204,16.00,1,BANCO 9
PDV 94281,20220423,37.50,1,BANCO 9
PDV 103095,20221017,10.00,1,BANCO 9
PDV 108825,20220822,15.95,1,BANCO 9
PDV 40771,20230426,70.00,1,BANCO 9
PDV 109982,20230722,100.00,1,BANCO 9
PDV 104742,20220606,49.00,1,BANCO 9
PDV 108355,20221022,20.00,1,BANCO 74
PDV 1354,20221003,50.00,1,BANCO 9
PDV 109703,20221117,280.00,1,BANCO 9
PDV 100876,20230404,126.60,1,BANCO 86
PDV 108920,20230426,34.00,1,BANCO 9
PDV 106078,20211011,40.00,1,BANCO 85
PDV 105957,20210805,10.00,1,BANCO 9
PDV 49909,20211004,20.00,1,BANCO 85
PDV 45940,20220118,700.00,1,BANCO 82
PDV 106376,20220209,140.00,1,BANCO 86
PDV 1592,20220429,13.00,1,BANCO 2
PDV 108708,20230601,400.00,1,BANCO 75
PDV 110745,20220616,50.00,1,BANCO 9
PDV 103346,20220522,40.00,1,BANCO 9
PDV 45490,20220805,50.00,1,BANCO 82
PDV 6527,20220919,400.00,1,BANCO 9
PDV 95153,20230201,35.00,1,BANCO 82
PDV 43758,20230306,1000.00,1,BANCO 9
PDV 105119,20210810,100.00,1,BANCO 9
PDV 98329,20210917,1.00,1,BANCO 9
PDV 1592,20211208,10.00,1,BANCO 2
PDV 107799,20220103,335.00,1,BANCO 86
PDV 18053,20220603,100.00,1,BANCO 75
PDV 103464,20220531,129.00,1,BANCO 9
PDV 107392,20230421,50.00,1,BANCO 75
PDV 102067,20230421,100.00,1,BANCO 9
PDV 44607,20230123,40.00,1,BANCO 9
PDV 103101,20230123,10.00,1,BANCO 82
PDV 9461,20220613,10.00,1,BANCO 86
PDV 109515,20220606,40.00,1,BANCO 82
PDV 107779,20220606,40.00,1,BANCO 9
PDV 1592,20221230,1.00,1,BANCO 2
PDV 109604,20230419,100.00,1,BANCO 9
PDV 99405,20230704,160.00,1,BANCO 9
PDV 49703,20210902,60.00,1,BANCO 75
PDV 99364,20211029,20.00,1,BANCO 85
PDV 106903,20210915,20.00,1,BANCO 9
PDV 89968,20211116,50.00,1,BANCO 83
PDV 105547,20211117,200.00,1,BANCO 9
PDV 98873,20211020,300.00,1,BANCO 82
PDV 104907,20220413,300.00,1,BANCO 9
PDV 95668,20220718,200.00,1,BANCO 83
PDV 109661,20220926,80.00,1,BANCO 9
PDV 111443,20230227,255.00,1,BANCO 82
PDV 94863,20211221,400.00,1,BANCO 9
PDV 1592,20220202,5.00,1,BANCO 2
PDV 99263,20211229,450.00,1,BANCO 9
PDV 99059,20220517,100.00,1,BANCO 9
PDV 95668,20220726,180.00,1,BANCO 83
PDV 102535,20220105,145.00,1,BANCO 9
PDV 99122,20210917,50.00,1,BANCO 86
PDV 96208,20210927,500.00,1,BANCO 86
PDV 50701,20220105,40.00,1,BANCO 9
PDV 106036,20210719,40.00,1,BANCO 82
PDV 100917,20210820,20.00,1,BANCO 9
PDV 104623,20220315,10.00,1,BANCO 9
PDV 115823,20221203,180.00,1,BANCO 83
PDV 107410,20230222,17.00,1,BANCO 9
PDV 102582,20230506,80.00,1,BANCO 9
PDV 109471,20220611,37.00,1,BANCO 9
PDV 110807,20230403,5.00,1,BANCO 9
PDV 98035,20210920,100.00,1,BANCO 75
PDV 47710,20220614,30.00,1,BANCO 87
PDV 90419,20211225,90.00,1,BANCO 85
PDV 92725,20220517,100.00,1,BANCO 87
PDV 50701,20220624,20.00,1,BANCO 9
PDV 97760,20220915,100.00,1,BANCO 9
PDV 107671,20230406,10.00,1,BANCO 86
PDV 96210,20230322,50.00,1,BANCO 9
PDV 102353,20211211,46.00,1,BANCO 9
PDV 99122,20220412,30.00,1,BANCO 86
PDV 109198,20220319,50.00,1,BANCO 85
PDV 100773,20220704,15.00,1,BANCO 9
PDV 110987,20220803,100.00,1,BANCO 9
PDV 19730,20220903,120.00,1,BANCO 86
PDV 106305,20220214,100.00,1,BANCO 86
PDV 111027,20230302,100.00,1,BANCO 9
PDV 427,20230529,538.15,1,BANCO 9
PDV 115049,20230324,10.00,1,BANCO 9
PDV 103783,20230506,100.00,1,BANCO 82
PDV 40761,20211005,230.00,1,BANCO 82
PDV 3462,20211214,300.00,1,BANCO 82
PDV 92475,20210702,5.00,1,BANCO 9
PDV 99206,20220519,50.00,1,BANCO 3
PDV 50634,20220218,100.00,1,BANCO 85
PDV 39969,20220912,98.39,1,BANCO 83
PDV 105929,20210825,55.00,1,BANCO 9
PDV 95597,20210730,330.00,1,BANCO 83
PDV 106740,20220111,40.00,1,BANCO 82
PDV 105298,20211004,25.00,1,BANCO 9
PDV 29256,20211122,25.00,1,BANCO 3
PDV 44570,20220106,20.00,1,BANCO 82
PDV 45016,20220816,50.00,1,BANCO 74
PDV 104634,20220801,20.00,1,BANCO 86
PDV 111311,20230208,200.00,1,BANCO 9
PDV 110233,20230426,31.00,1,BANCO 9
PDV 49850,20210717,44.00,1,BANCO 85
PDV 108773,20220506,100.00,1,BANCO 82
PDV 102752,20220608,138.75,1,BANCO 82
PDV 98486,20220915,40.00,1,BANCO 87
PDV 106196,20221116,300.00,1,BANCO 86
PDV 110952,20221101,80.00,1,BANCO 9
PDV 49698,20210701,150.00,1,BANCO 82
PDV 51007,20220504,9.00,1,BANCO 86
PDV 103434,20220304,10.00,1,BANCO 9
PDV 98035,20220511,80.00,1,BANCO 75
PDV 28350,20220704,160.00,1,BANCO 85
PDV 101874,20220903,50.00,1,BANCO 9
PDV 111608,20230204,295.00,1,BANCO 9
PDV 100581,20221231,12.00,1,BANCO 9
PDV 94978,20221202,100.00,1,BANCO 9
PDV 108813,20230114,50.00,1,BANCO 9
PDV 61382,20230703,100.00,1,BANCO 83
PDV 114978,20230714,110.00,1,BANCO 52
PDV 20378,20211020,50.00,1,BANCO 82
PDV 105222,20211020,50.00,1,BANCO 83
PDV 103817,20211126,17.00,1,BANCO 87
PDV 43477,20220307,50.00,1,BANCO 9
PDV 34878,20220523,100.93,1,BANCO 86
PDV 109471,20220312,50.00,1,BANCO 9
PDV 97803,20220919,100.00,1,BANCO 9
PDV 109446,20221011,20.00,1,BANCO 9
PDV 97580,20220702,100.00,1,BANCO 9
PDV 48011,20221007,150.00,1,BANCO 85
PDV 107201,20230215,20.00,1,BANCO 86
PDV 111875,20230518,16.00,1,BANCO 9
PDV 49698,20210705,200.00,1,BANCO 82
PDV 30351,20211214,10.00,1,BANCO 9
PDV 46261,20220129,140.00,1,BANCO 86
PDV 94684,20220325,250.00,1,BANCO 82
PDV 115098,20230106,100.00,1,BANCO 9
PDV 16048,20211203,60.00,1,BANCO 9
PDV 97553,20211012,260.00,1,BANCO 86
PDV 105591,20210705,25.00,1,BANCO 9
PDV 101050,20211008,60.00,1,BANCO 9
PDV 104674,20211025,190.00,1,BANCO 83
PDV 43696,20220209,70.00,1,BANCO 9
PDV 46919,20230130,150.00,1,BANCO 82
PDV 97584,20230216,150.00,1,BANCO 75
PDV 115059,20221218,13.00,1,BANCO 9
PDV 50311,20220309,50.00,1,BANCO 9
PDV 94853,20220309,60.00,1,BANCO 9
PDV 105738,20230531,21.00,1,BANCO 9
PDV 103769,20230411,100.00,1,BANCO 83
PDV 103807,20220418,100.00,1,BANCO 82
PDV 92564,20220317,10.00,1,BANCO 86
PDV 1592,20220531,345.00,1,BANCO 2
PDV 104815,20230115,100.00,1,BANCO 9
PDV 100259,20220213,100.00,1,BANCO 9
PDV 98701,20230516,225.00,1,BANCO 74
PDV 99790,20210901,105.00,1,BANCO 82
PDV 97561,20220111,104.00,1,BANCO 9
PDV 101475,20220504,170.00,1,BANCO 9
PDV 103383,20220615,180.00,1,BANCO 9
PDV 103126,20220905,22.22,1,BANCO 86
PDV 111644,20230311,9.00,1,BANCO 83
PDV 109729,20221222,40.00,1,BANCO 9
PDV 47744,20230320,100.00,1,BANCO 9
PDV 105818,20210705,200.00,1,BANCO 9
PDV 106008,20210713,90.00,1,BANCO 85
PDV 108284,20211209,30.00,1,BANCO 9
PDV 107467,20211207,50.00,1,BANCO 74
PDV 17643,20220308,50.00,1,BANCO 86
PDV 105012,20221024,10.00,1,BANCO 9
PDV 104940,20230714,13.10,1,BANCO 9
PDV 105086,20230131,295.00,1,BANCO 9
PDV 116148,20230612,20.00,1,BANCO 75
PDV 92688,20221202,325.33,1,BANCO 82
PDV 99457,20221007,0.05,1,BANCO 7
PDV 112216,20220913,100.00,1,BANCO 9
PDV 101225,20221209,20.00,1,BANCO 83
PDV 39969,20220214,45.00,1,BANCO 83
PDV 109590,20230426,20.00,1,BANCO 9
PDV 116678,20230119,20.00,1,BANCO 9
PDV 100425,20210720,100.00,1,BANCO 9
PDV 104523,20210823,50.00,1,BANCO 9
PDV 95650,20211024,126.00,1,BANCO 86
PDV 105471,20210916,30.00,1,BANCO 85
PDV 95597,20220518,610.00,1,BANCO 3
PDV 103964,20220505,5.00,1,BANCO 86
PDV 107470,20230712,66.50,1,BANCO 9
PDV 108465,20220718,12.54,1,BANCO 86
PDV 110840,20220721,32.00,1,BANCO 83
PDV 103531,20220428,100.00,1,BANCO 83
PDV 97553,20220922,23.00,1,BANCO 9
PDV 108652,20221205,60.00,1,BANCO 9
PDV 94863,20221217,447.00,1,BANCO 83
PDV 11265,20210710,80.00,1,BANCO 9
PDV 104664,20211026,48.00,1,BANCO 3
PDV 40630,20211227,20.75,1,BANCO 9
PDV 99410,20211105,80.00,1,BANCO 9
PDV 44106,20220106,60.00,1,BANCO 83
PDV 94635,20220303,200.00,1,BANCO 86
PDV 98873,20230615,90.00,1,BANCO 82
PDV 110325,20230703,50.00,1,BANCO 9
PDV 27363,20230710,50.00,1,BANCO 9
PDV 106896,20230720,15.00,1,BANCO 9
PDV 105918,20230610,20.00,1,BANCO 82
PDV 108426,20230725,75.00,1,BANCO 9
PDV 96230,20211202,20.00,1,BANCO 86
PDV 106051,20220712,225.00,1,BANCO 74
PDV 11698,20221109,100.00,1,BANCO 82
PDV 37705,20220930,25.00,1,BANCO 85
PDV 111718,20221212,100.00,1,BANCO 82
PDV 103549,20230526,20.00,1,BANCO 9
PDV 104640,20210726,10.00,1,BANCO 86
PDV 101267,20210929,200.00,1,BANCO 82
PDV 106966,20220126,75.00,1,BANCO 75
PDV 105547,20220720,200.00,1,BANCO 9
PDV 45131,20220413,50.00,1,BANCO 85
PDV 3,20221214,481.49,1,BANCO 85
PDV 92320,20230606,150.00,1,BANCO 86
PDV 102083,20230512,100.00,1,BANCO 9
PDV 117826,20230703,130.00,1,BANCO 9
PDV 46327,20210707,100.00,1,BANCO 87
PDV 99840,20211115,80.00,1,BANCO 86
PDV 101274,20210715,53.00,1,BANCO 75
PDV 14990,20211129,40.00,1,BANCO 9
PDV 100174,20211210,150.00,1,BANCO 52
PDV 31815,20210824,15.00,1,BANCO 86
PDV 105086,20230705,2500.00,1,BANCO 9
PDV 116916,20230706,27.00,1,BANCO 83
PDV 58990,20211025,280.00,1,BANCO 86
PDV 108139,20220308,50.00,1,BANCO 85
PDV 108927,20220316,40.00,1,BANCO 9
PDV 107800,20220731,20.00,1,BANCO 9
PDV 108813,20220813,60.00,1,BANCO 83
PDV 115060,20230406,20.00,1,BANCO 82
PDV 101191,20210713,13.37,1,BANCO 9
PDV 103594,20210904,60.00,1,BANCO 9
PDV 2875,20210730,100.00,1,BANCO 9
PDV 95162,20210721,60.00,1,BANCO 74
PDV 101657,20211025,5.00,1,BANCO 85
PDV 101796,20220614,50.00,1,BANCO 9
PDV 103101,20220922,25.00,1,BANCO 9
PDV 45106,20220212,60.00,1,BANCO 82
PDV 117643,20230718,38.74,1,BANCO 86
PDV 106961,20230610,30.00,1,BANCO 85
PDV 109688,20230409,20.00,1,BANCO 130
PDV 48710,20211020,200.00,1,BANCO 83
PDV 50718,20210901,200.00,1,BANCO 9
PDV 105547,20211208,250.00,1,BANCO 9
PDV 99692,20220113,20.00,1,BANCO 9
PDV 48461,20220429,50.00,1,BANCO 9
PDV 105929,20220225,60.00,1,BANCO 9
PDV 91861,20220226,40.00,1,BANCO 9
PDV 111644,20220916,50.00,1,BANCO 83
PDV 39991,20220915,4000.00,1,BANCO 83
PDV 108894,20220730,20.00,1,BANCO 9
PDV 105537,20220901,50.00,1,BANCO 9
PDV 99834,20220908,70.00,1,BANCO 9
PDV 107674,20211207,10.00,1,BANCO 86
PDV 103101,20210918,30.00,1,BANCO 82
PDV 93564,20211217,105.00,1,BANCO 86
PDV 101720,20210905,10.00,1,BANCO 9
PDV 103424,20220302,4.29,1,BANCO 7
PDV 110528,20220705,34.50,1,BANCO 9
PDV 105836,20220509,120.00,1,BANCO 9
PDV 111046,20221128,10.00,1,BANCO 9
PDV 99252,20221213,5.25,1,BANCO 9
PDV 108104,20230522,15.00,1,BANCO 82
PDV 99487,20230309,30.00,1,BANCO 82
PDV 111958,20230421,30.00,1,BANCO 82
PDV 1592,20210901,1.00,1,BANCO 2
PDV 104453,20210723,60.00,1,BANCO 86
PDV 92638,20211002,70.00,1,BANCO 82
PDV 50193,20220630,100.00,1,BANCO 9
PDV 107740,20220923,700.00,1,BANCO 86
PDV 49221,20230223,4000.00,1,BANCO 9
PDV 94863,20230604,500.00,1,BANCO 9
PDV 111347,20230430,38.00,1,BANCO 9
PDV 101412,20230214,50.00,1,BANCO 82
PDV 33270,20221125,50.00,1,BANCO 9
PDV 110381,20230414,40.00,1,BANCO 9
PDV 26086,20230605,373.00,1,BANCO 9
PDV 47991,20220916,30.00,1,BANCO 82
PDV 108058,20230124,100.00,1,BANCO 52
PDV 98896,20210901,20.00,1,BANCO 9
PDV 15372,20210917,82.00,1,BANCO 83
PDV 99410,20211129,30.00,1,BANCO 9
PDV 99364,20210807,12.00,1,BANCO 85
PDV 102771,20210819,14.00,1,BANCO 9
PDV 103505,20220203,10.00,1,BANCO 9
PDV 39621,20230525,90.35,1,BANCO 7
PDV 100622,20230131,60.00,1,BANCO 86
PDV 46252,20211230,160.00,1,BANCO 86
PDV 101191,20220331,10.00,1,BANCO 82
PDV 105900,20220226,40.00,1,BANCO 9
PDV 105086,20220710,295.00,1,BANCO 9
PDV 97970,20221117,18.50,1,BANCO 9
PDV 108515,20230424,50.00,1,BANCO 82
PDV 106877,20211123,50.00,1,BANCO 82
PDV 37086,20210705,50.41,1,BANCO 7
PDV 101902,20220414,103.00,1,BANCO 9
PDV 108296,20220307,30.00,1,BANCO 9
PDV 96172,20220419,5.00,1,BANCO 85
PDV 109923,20230726,60.00,1,BANCO 9
PDV 50270,20230411,600.00,1,BANCO 9
PDV 101317,20211027,500.00,1,BANCO 82
PDV 106105,20220115,30.00,1,BANCO 9
PDV 105732,20220201,150.00,1,BANCO 9
PDV 45695,20220915,20.00,1,BANCO 83
PDV 105301,20220704,40.00,1,BANCO 74
PDV 108472,20221120,90.00,1,BANCO 9
PDV 102071,20221111,100.00,1,BANCO 82
PDV 115059,20230203,13.00,1,BANCO 9
PDV 45940,20220609,700.00,1,BANCO 3
PDV 103989,20230524,25.00,1,BANCO 9
PDV 103476,20220925,10.00,1,BANCO 9
PDV 1592,20220317,2.00,1,BANCO 2
PDV 103385,20220317,100.00,1,BANCO 83
PDV 109001,20230521,40.00,1,BANCO 9
PDV 45372,20210909,100.00,1,BANCO 9
PDV 28214,20211029,180.00,1,BANCO 3
PDV 99657,20210823,100.00,1,BANCO 9
PDV 41480,20210701,20.00,1,BANCO 82
PDV 48977,20220427,20.00,1,BANCO 87
PDV 104662,20220430,100.00,1,BANCO 86
PDV 112254,20230622,100.00,1,BANCO 83
PDV 47775,20221207,30.00,1,BANCO 85
PDV 92320,20230629,50.00,1,BANCO 86
PDV 28377,20230331,60.00,1,BANCO 82
PDV 109732,20230707,36.00,1,BANCO 9
PDV 109431,20230731,221.20,1,BANCO 83
PDV 28834,20221201,60.00,1,BANCO 9
PDV 5140,20220411,1000.00,1,BANCO 9
PDV 102035,20220310,180.00,1,BANCO 52
PDV 100291,20220812,20.00,1,BANCO 9
PDV 19654,20221110,50.00,1,BANCO 86
PDV 106781,20230228,250.00,1,BANCO 86
PDV 97970,20230220,30.00,1,BANCO 9
PDV 95330,20210722,19.64,1,BANCO 83
PDV 102410,20211014,200.00,1,BANCO 9
PDV 99497,20211014,226.00,1,BANCO 83
PDV 102426,20211019,5.00,1,BANCO 83
PDV 92476,20220216,200.00,1,BANCO 9
PDV 108532,20220812,40.00,1,BANCO 9
PDV 92147,20221115,16.00,1,BANCO 9
PDV 92498,20230608,36.00,1,BANCO 82
PDV 103688,20230410,30.00,1,BANCO 82
PDV 97743,20210706,200.00,1,BANCO 83
PDV 51169,20211211,40.00,1,BANCO 9
PDV 49621,20210930,195.00,1,BANCO 9
PDV 90439,20220406,80.00,1,BANCO 9
PDV 103546,20220713,40.00,1,BANCO 86
PDV 94853,20221112,20.00,1,BANCO 83
PDV 115015,20221223,100.00,1,BANCO 86
PDV 98499,20230316,115.00,1,BANCO 83
PDV 100609,20230227,50.00,1,BANCO 3
PDV 61357,20230601,19.00,1,BANCO 82
PDV 103687,20230714,110.00,1,BANCO 82
PDV 34285,20210823,200.00,1,BANCO 87
PDV 92799,20211129,49.00,1,BANCO 9
PDV 92892,20220705,19.38,1,BANCO 7
PDV 105173,20220211,40.00,1,BANCO 86
PDV 105001,20220707,50.00,1,BANCO 9
PDV 103769,20220820,25.00,1,BANCO 83
PDV 99299,20230325,80.00,1,BANCO 9
PDV 108754,20220309,500.00,1,BANCO 9
PDV 109732,20230712,59.00,1,BANCO 74
PDV 1592,20230303,206.50,1,BANCO 2
PDV 44960,20230227,105.00,1,BANCO 9
PDV 106400,20220214,240.00,1,BANCO 75
PDV 109031,20230511,30.00,1,BANCO 9
PDV 42872,20230417,60.00,1,BANCO 82
PDV 103969,20221227,60.00,1,BANCO 9
PDV 45605,20210712,600.00,1,BANCO 83
PDV 107707,20220113,30.00,1,BANCO 9
PDV 106417,20220429,50.00,1,BANCO 82
PDV 109387,20220422,50.00,1,BANCO 9
PDV 105927,20220906,5.00,1,BANCO 9
PDV 112163,20220926,40.00,1,BANCO 9
PDV 96208,20230216,111.00,1,BANCO 9
PDV 108169,20230213,70.00,1,BANCO 9
PDV 48210,20221129,15.40,1,BANCO 85
PDV 100209,20220318,100.00,1,BANCO 9
PDV 106305,20230211,100.00,1,BANCO 9
PDV 106502,20230417,36.00,1,BANCO 9
PDV 107965,20230417,50.00,1,BANCO 9
PDV 117448,20230704,40.00,1,BANCO 9
PDV 49980,20210916,112.30,1,BANCO 9
PDV 47343,20211120,100.00,1,BANCO 9
PDV 102094,20220224,70.00,1,BANCO 86
PDV 110305,20220421,50.00,1,BANCO 86
PDV 94540,20220222,76.00,1,BANCO 52
PDV 101843,20220905,50.00,1,BANCO 9
PDV 111829,20220809,50.00,1,BANCO 9
PDV 98478,20220610,310.00,1,BANCO 9
PDV 61357,20220822,30.00,1,BANCO 82
PDV 44708,20220904,100.00,1,BANCO 9
PDV 103652,20221219,46.96,1,BANCO 9
PDV 106579,20221015,10.00,1,BANCO 9
PDV 111727,20230325,10.00,1,BANCO 9
PDV 111820,20230705,27.77,1,BANCO 9
PDV 34170,20211030,350.00,1,BANCO 74
PDV 105699,20210702,200.00,1,BANCO 9
PDV 101837,20211115,200.00,1,BANCO 83
PDV 98345,20210728,14.09,1,BANCO 9
PDV 105997,20210730,50.00,1,BANCO 9
PDV 107972,20220117,14.55,1,BANCO 9
PDV 108296,20220324,30.00,1,BANCO 9
PDV 47786,20211227,500.00,1,BANCO 86
PDV 49221,20221128,3000.00,1,BANCO 9
PDV 102149,20220923,200.00,1,BANCO 9
PDV 99657,20220610,164.00,1,BANCO 9
PDV 1487,20230706,20.00,1,BANCO 9
PDV 50226,20210720,150.00,1,BANCO 85
PDV 97739,20210916,24.00,1,BANCO 9
PDV 47811,20211116,3000.00,1,BANCO 85
PDV 23346,20220104,10.00,1,BANCO 82
PDV 49631,20211218,200.00,1,BANCO 9
PDV 49799,20211206,100.00,1,BANCO 85
PDV 48911,20230531,30.00,1,BANCO 9
PDV 115728,20230129,1050.00,1,BANCO 9
PDV 99410,20221024,21.00,1,BANCO 9
PDV 97427,20230205,69.00,1,BANCO 9
PDV 47577,20221124,200.00,1,BANCO 9
PDV 111955,20221205,50.00,1,BANCO 83
PDV 104798,20230406,75.00,1,BANCO 9
PDV 106925,20230125,100.00,1,BANCO 82
PDV 107924,20220408,100.00,1,BANCO 9
PDV 109919,20220603,150.00,1,BANCO 83
PDV 98935,20220616,50.00,1,BANCO 83
PDV 3,20220825,87.00,1,BANCO 85
PDV 107176,20221101,100.00,1,BANCO 85
PDV 108118,20221226,251.00,1,BANCO 9
PDV 105189,20210713,94.70,1,BANCO 85
PDV 94099,20210809,50.00,1,BANCO 9
PDV 107692,20230525,25.00,1,BANCO 82
PDV 42821,20210901,3000.00,1,BANCO 83
PDV 103945,20210824,25.00,1,BANCO 9
PDV 105628,20210819,50.00,1,BANCO 9
PDV 95249,20220303,30.00,1,BANCO 86
PDV 101844,20220418,30.00,1,BANCO 85
PDV 103762,20220210,34.00,1,BANCO 9
PDV 117942,20230703,85.00,1,BANCO 9
PDV 99014,20230515,99.00,1,BANCO 9
PDV 103996,20230403,200.00,1,BANCO 9
PDV 104835,20220517,20.00,1,BANCO 9
PDV 47251,20221128,208.70,1,BANCO 85
PDV 25026,20221130,100.00,1,BANCO 82
PDV 98020,20220815,50.00,1,BANCO 74
PDV 104636,20230505,20.00,1,BANCO 9
PDV 116913,20230318,50.00,1,BANCO 9
PDV 94157,20211021,20.00,1,BANCO 74
PDV 100242,20211207,41.51,1,BANCO 9
PDV 104837,20211105,30.00,1,BANCO 9
PDV 103426,20220106,40.00,1,BANCO 9
PDV 93375,20211213,50.00,1,BANCO 9
PDV 11400,20210827,20.00,1,BANCO 85
PDV 19867,20220921,690.00,1,BANCO 9
PDV 15898,20220317,2.28,1,BANCO 7
PDV 49144,20221014,105.00,1,BANCO 9
PDV 108426,20220105,75.00,1,BANCO 9
PDV 96426,20211111,60.00,1,BANCO 74
PDV 109077,20220511,22.00,1,BANCO 9
PDV 48696,20220323,30.00,1,BANCO 9
PDV 41000,20220613,50.00,1,BANCO 82
PDV 95768,20221028,40.00,1,BANCO 75
PDV 48423,20211108,480.00,1,BANCO 87
PDV 47908,20220604,220.00,1,BANCO 9
PDV 103612,20220315,100.00,1,BANCO 82
PDV 101525,20220517,30.00,1,BANCO 9
PDV 101034,20221107,50.00,1,BANCO 9
PDV 61357,20230105,32.00,1,BANCO 82
PDV 106279,20230207,20.00,1,BANCO 9
PDV 97862,20221229,30.00,1,BANCO 9
PDV 102864,20230303,17.00,1,BANCO 87
PDV 104665,20211005,71.00,1,BANCO 85
PDV 104842,20211001,150.00,1,BANCO 85
PDV 95650,20210914,142.00,1,BANCO 86
PDV 51185,20220216,300.00,1,BANCO 82
PDV 110398,20220620,50.00,1,BANCO 9
PDV 109384,20221111,60.00,1,BANCO 9
PDV 103370,20230330,50.00,1,BANCO 85
PDV 94240,20221130,140.00,1,BANCO 3
PDV 23664,20230109,250.00,1,BANCO 86
PDV 111224,20221122,115.00,1,BANCO 86
PDV 104568,20220718,100.00,1,BANCO 83
PDV 37206,20221126,40.00,1,BANCO 82
PDV 101874,20221110,20.00,1,BANCO 9
PDV 61382,20210906,60.00,1,BANCO 85
PDV 93345,20220127,155.00,1,BANCO 9
PDV 43877,20220113,60.00,1,BANCO 75
PDV 42583,20220228,100.00,1,BANCO 85
PDV 45551,20220608,5.69,1,BANCO 86
PDV 110231,20220731,5.00,1,BANCO 9
PDV 103424,20221012,13.04,1,BANCO 7
PDV 92894,20221205,200.00,1,BANCO 9
PDV 39176,20220902,80.00,1,BANCO 9
PDV 39658,20220906,50.00,1,BANCO 9
PDV 48759,20221108,1000.00,1,BANCO 9
PDV 46791,20210802,70.00,1,BANCO 9
PDV 107413,20220314,30.00,1,BANCO 9
PDV 99853,20220201,150.00,1,BANCO 85
PDV 102350,20220414,150.00,1,BANCO 83
PDV 38243,20220418,100.00,1,BANCO 9
PDV 97580,20220603,50.00,1,BANCO 9
PDV 94686,20221222,100.00,1,BANCO 83
PDV 90730,20230125,13.48,1,BANCO 7
PDV 110952,20221010,100.00,1,BANCO 9
PDV 101788,20220719,50.00,1,BANCO 9
PDV 109923,20221021,50.00,1,BANCO 83
PDV 1592,20220617,6.00,1,BANCO 2
PDV 111298,20220926,130.00,1,BANCO 82
PDV 108887,20230202,90.00,1,BANCO 3
PDV 106237,20230501,50.00,1,BANCO 9
PDV 93550,20211021,70.00,1,BANCO 82
PDV 91771,20210726,50.00,1,BANCO 9
PDV 105512,20210920,30.00,1,BANCO 9
PDV 90108,20211105,300.00,1,BANCO 82
PDV 49567,20210820,42.00,1,BANCO 9
PDV 102053,20210816,300.00,1,BANCO 83
PDV 97582,20230215,25.00,1,BANCO 82
PDV 109183,20230421,60.00,1,BANCO 75
PDV 47648,20230304,125.00,1,BANCO 9
PDV 104726,20230714,140.00,1,BANCO 9
PDV 103101,20220713,7.00,1,BANCO 9
PDV 45440,20220606,480.00,1,BANCO 9
PDV 13467,20220819,300.00,1,BANCO 83
PDV 98887,20230201,0.96,1,BANCO 7
PDV 109705,20220628,30.00,1,BANCO 9
PDV 105222,20230113,94.00,1,BANCO 75
PDV 101720,20211013,2.00,1,BANCO 9
PDV 40244,20220128,170.90,1,BANCO 9
PDV 109684,20220426,60.00,1,BANCO 82
PDV 43205,20220330,156.00,1,BANCO 86
PDV 31833,20211228,110.00,1,BANCO 9
PDV 100857,20220520,120.00,1,BANCO 9
PDV 104119,20211119,50.00,1,BANCO 82
PDV 50041,20211216,167.00,1,BANCO 9
PDV 15372,20220225,74.00,1,BANCO 83
PDV 104264,20220907,80.00,1,BANCO 86
PDV 93805,20220513,10.00,1,BANCO 9
PDV 99249,20230217,10.00,1,BANCO 130
PDV 100228,20221012,36.00,1,BANCO 85
PDV 111714,20230318,75.00,1,BANCO 9
PDV 101673,20221102,30.00,1,BANCO 86
PDV 104924,20230313,22.00,1,BANCO 9
PDV 43049,20220610,390.00,1,BANCO 82
PDV 106300,20220204,30.00,1,BANCO 82
PDV 107255,20220323,10.00,1,BANCO 82
PDV 111959,20221011,30.00,1,BANCO 9
PDV 98851,20230524,0.56,1,BANCO 7
PDV 109860,20230519,200.00,1,BANCO 9
PDV 30355,20230527,50.00,1,BANCO 9
PDV 103492,20220609,20.00,1,BANCO 82
PDV 107981,20230712,220.00,1,BANCO 75
PDV 90736,20210803,100.00,1,BANCO 9
PDV 10297,20210709,50.00,1,BANCO 82
PDV 107830,20211013,50.00,1,BANCO 86
PDV 107054,20211020,50.00,1,BANCO 82
PDV 104959,20220216,18.00,1,BANCO 9
PDV 102893,20220322,180.00,1,BANCO 83
PDV 111399,20220729,40.00,1,BANCO 9
PDV 104959,20220822,37.00,1,BANCO 9
PDV 50223,20220906,94.45,1,BANCO 83
PDV 106243,20220818,5.00,1,BANCO 9
PDV 98744,20230424,150.00,1,BANCO 82
PDV 94215,20230413,80.00,1,BANCO 85
PDV 1592,20211223,7.00,1,BANCO 2
PDV 99492,20211116,134.03,1,BANCO 87
PDV 101467,20210811,61.00,1,BANCO 86
PDV 108154,20211220,200.00,1,BANCO 9
PDV 100051,20220306,32.46,1,BANCO 7
PDV 33313,20220330,20000.00,1,BANCO 83
PDV 29611,20220517,500.00,1,BANCO 82
PDV 46605,20220728,26.00,1,BANCO 9
PDV 103969,20221006,180.00,1,BANCO 83
PDV 108798,20220617,20.00,1,BANCO 83
PDV 111378,20230726,20.00,1,BANCO 9
PDV 105735,20210901,80.00,1,BANCO 82
PDV 102077,20210727,100.00,1,BANCO 9
PDV 99367,20211219,300.00,1,BANCO 9
PDV 92475,20210722,10.00,1,BANCO 82
PDV 95249,20220323,20.00,1,BANCO 86
PDV 39969,20220504,28.00,1,BANCO 9
PDV 103101,20220720,15.00,1,BANCO 9
PDV 110966,20221124,10.00,1,BANCO 74
PDV 106080,20221105,10.00,1,BANCO 9
PDV 116035,20230608,60.00,1,BANCO 9
PDV 116392,20230611,90.00,1,BANCO 9
PDV 90366,20211011,100.00,1,BANCO 86
PDV 100853,20210729,20.00,1,BANCO 82
PDV 45898,20211030,55.00,1,BANCO 82
PDV 107294,20220329,50.00,1,BANCO 9
PDV 102638,20220708,30.00,1,BANCO 82
PDV 101494,20221027,110.00,1,BANCO 83
PDV 108873,20220606,44.93,1,BANCO 9
PDV 43559,20221014,240.00,1,BANCO 82
PDV 110013,20230512,35.00,1,BANCO 9
PDV 94521,20230301,50.00,1,BANCO 9
PDV 94245,20221125,30.00,1,BANCO 9
PDV 3,20230727,146.50,1,BANCO 85
PDV 107292,20211022,30.00,1,BANCO 9
PDV 103370,20210730,100.00,1,BANCO 85
PDV 45440,20211104,270.00,1,BANCO 9
PDV 103706,20220513,15.00,1,BANCO 9
PDV 111295,20221005,85.00,1,BANCO 83
PDV 116519,20230202,120.00,1,BANCO 9
PDV 110539,20230621,10.00,1,BANCO 9
PDV 99207,20230227,100.00,1,BANCO 9
PDV 111173,20230223,20.00,1,BANCO 9
PDV 111987,20230216,25.00,1,BANCO 9
PDV 50859,20221217,1000.00,1,BANCO 85
PDV 115065,20230712,20.00,1,BANCO 85
PDV 24675,20230731,60.00,1,BANCO 85
PDV 92480,20210907,50.00,1,BANCO 9
PDV 13449,20210722,20.00,1,BANCO 85
PDV 46214,20220526,180.00,1,BANCO 9
PDV 105540,20211228,5.00,1,BANCO 9
PDV 108302,20211208,50.00,1,BANCO 9
PDV 44391,20220131,30.00,1,BANCO 82
PDV 106958,20220525,18.55,1,BANCO 9
PDV 110762,20220602,30.00,1,BANCO 82
PDV 112207,20221206,100.00,1,BANCO 9
PDV 98829,20221221,20.00,1,BANCO 82
PDV 109663,20230727,200.00,1,BANCO 85
PDV 101657,20210906,8.00,1,BANCO 85
PDV 101739,20210812,65.00,1,BANCO 9
PDV 101412,20210722,30.00,1,BANCO 9
PDV 99574,20210817,250.00,1,BANCO 9
PDV 104978,20210827,100.00,1,BANCO 9
PDV 108428,20220405,10.00,1,BANCO 86
PDV 94272,20230324,200.00,1,BANCO 83
PDV 43650,20221012,100.00,1,BANCO 82
PDV 110885,20230309,50.00,1,BANCO 9
PDV 116602,20230728,40.00,1,BANCO 9
PDV 44865,20220412,150.00,1,BANCO 82
PDV 110003,20220705,30.00,1,BANCO 9
PDV 44196,20220901,150.00,1,BANCO 9
PDV 44071,20230103,50.00,1,BANCO 83
PDV 26115,20230103,100.00,1,BANCO 85
PDV 40724,20230214,20.00,1,BANCO 75
PDV 102142,20210709,13.00,1,BANCO 86
PDV 9461,20211029,30.00,1,BANCO 86
PDV 96247,20210705,40.00,1,BANCO 85
PDV 33028,20210727,60.00,1,BANCO 86
PDV 104237,20211115,200.00,1,BANCO 9
PDV 105492,20220419,100.00,1,BANCO 9
PDV 111638,20220808,500.00,1,BANCO 9
PDV 93345,20220505,400.00,1,BANCO 86
PDV 108156,20220825,80.00,1,BANCO 9
PDV 44028,20220906,300.00,1,BANCO 83
PDV 1592,20210811,1.00,1,BANCO 2
PDV 48869,20211105,100.00,1,BANCO 86
PDV 19146,20220513,200.00,1,BANCO 75
PDV 50193,20220524,55.00,1,BANCO 9
PDV 100773,20221007,54.16,1,BANCO 9
PDV 116314,20230529,100.00,1,BANCO 9
PDV 34325,20210823,3000.00,1,BANCO 85
PDV 41015,20210701,29.00,1,BANCO 83
PDV 106390,20210914,100.00,1,BANCO 85
PDV 99699,20211129,60.00,1,BANCO 9
PDV 106812,20210906,12.47,1,BANCO 7
PDV 49459,20220401,58.00,1,BANCO 74
PDV 17643,20220907,30.00,1,BANCO 75
PDV 40011,20220831,19.00,1,BANCO 82
PDV 104690,20230107,820.00,1,BANCO 9
PDV 107392,20230310,30.00,1,BANCO 75
PDV 94791,20230609,120.00,1,BANCO 83
PDV 105087,20230726,400.00,1,BANCO 75
PDV 99476,20210823,151.34,1,BANCO 87
PDV 90110,20211220,100.00,1,BANCO 85
PDV 99150,20211213,31.00,1,BANCO 9
PDV 108426,20220613,110.00,1,BANCO 9
PDV 93664,20220222,100.00,1,BANCO 9
PDV 102142,20220414,5.00,1,BANCO 85
PDV 35803,20210814,25.00,1,BANCO 9
PDV 103594,20210817,20.00,1,BANCO 9
PDV 107272,20220413,20.00,1,BANCO 9
PDV 105918,20220630,20.00,1,BANCO 82
PDV 102092,20220701,60.00,1,BANCO 82
PDV 108365,20230420,20.00,1,BANCO 9
PDV 47974,20230118,160.00,1,BANCO 86
PDV 111059,20230704,20.00,1,BANCO 9
PDV 103424,20221025,17.79,1,BANCO 7
PDV 1592,20220606,130.25,1,BANCO 2
PDV 101191,20220830,27.30,1,BANCO 82
PDV 105104,20221125,50.00,1,BANCO 86
PDV 107694,20220214,60.00,1,BANCO 52
PDV 108508,20230318,100.00,1,BANCO 83
PDV 42821,20220104,3000.00,1,BANCO 83
PDV 20378,20210723,200.00,1,BANCO 75
PDV 107438,20220415,10.00,1,BANCO 9
PDV 100015,20220726,250.00,1,BANCO 83
PDV 107454,20220917,61.60,1,BANCO 9
PDV 46341,20220902,50.00,1,BANCO 82
PDV 111763,20220921,10.00,1,BANCO 86
PDV 105018,20230213,50.00,1,BANCO 74
PDV 108871,20221101,100.00,1,BANCO 9
PDV 108100,20230718,100.00,1,BANCO 9
PDV 111443,20220822,337.00,1,BANCO 82
PDV 99697,20220524,40.00,1,BANCO 82
PDV 109454,20220803,30.00,1,BANCO 82
PDV 107051,20221223,50.00,1,BANCO 9
PDV 90021,20221222,800.00,1,BANCO 9
PDV 111042,20220629,110.00,1,BANCO 9
PDV 37106,20210904,70.00,1,BANCO 9
PDV 45424,20211014,80.00,1,BANCO 87
PDV 106077,20210730,60.00,1,BANCO 9
PDV 46341,20210828,30.00,1,BANCO 9
PDV 101085,20211201,100.00,1,BANCO 85
PDV 99013,20210816,30.00,1,BANCO 82
PDV 106488,20230412,60.00,1,BANCO 9
PDV 31133,20230201,60.00,1,BANCO 82
PDV 48731,20230722,120.00,1,BANCO 82
PDV 29697,20211228,40.00,1,BANCO 85
PDV 98014,20220731,20.00,1,BANCO 9
PDV 47908,20220927,100.00,1,BANCO 9
PDV 36551,20221012,50.00,1,BANCO 9
PDV 97737,20221124,1000.00,1,BANCO 9
PDV 101844,20230112,220.00,1,BANCO 9
PDV 101060,20211130,100.00,1,BANCO 9
PDV 100833,20211108,40.00,1,BANCO 75
PDV 50428,20211213,150.00,1,BANCO 83
PDV 105698,20210724,30.00,1,BANCO 83
PDV 108153,20220515,80.00,1,BANCO 82
PDV 105023,20220613,200.00,1,BANCO 9
PDV 107176,20230508,100.00,1,BANCO 85
PDV 105893,20220223,20.00,1,BANCO 9
PDV 101788,20220520,60.00,1,BANCO 82
PDV 106451,20220326,20.00,1,BANCO 9
PDV 106768,20220703,34.27,1,BANCO 9